1 0.93 6 0.16
6 0.16 27 0.12
6 0.16 4 0.16
6 0.16 9 0.68
6 0.16 7 0.68
6 0.16 2 1.06
6 0.16 3 0.68
6 0.16 11 1
6 0.16 15 0.09
6 0.16 8 0.16
5 0.68 8 0.16
27 0.12 31 0.72
31 0.72 32 0.15
9 0.68 17 0.09
7 0.68 17 0.09
17 0.09 20 1
17 0.09 18 0.12
17 0.09 21 0.78
21 0.78 22 0.6
20 1 22 0.6
22 0.6 24 0.09
22 0.6 30 0.91
24 0.09 31 0.72
24 0.09 25 0.17
24 0.09 33 0.19
25 0.17 26 0.09
26 0.09 28 0.10
18 0.12 34 0.33
34 0.33 35 0.97
15 0.09 16 0.17
16 0.17 13 0.64
16 0.17 12 0.78
12 0.78 13 0.64
13 0.64 34 0.33
